360.716 -5.80612
687.426 30.3212
1062.16 129.349
1255.18 125.263
615.912 -145.338
715.415 -124.371
400.816 -257.756
643.201 -77.7368
842.963 -378.955
1285.09 -182.557
502.774 -419.73
1308.58 -738.421
1150.66 -399.203
-2107.27 615.078
-3849.57 1241.16
-7034.67 1840.52
-9444.52 2093.58
-11297 2891.17
9.1246 -1943.88
984.791 -2941.14
250.302 -4433.43
-406.139 -6234.08
836.601 -9256.64
2287.18 479.899
3806.38 1092.72
5928.88 2170.12
7801.31 3721.17
8910.73 5642.49
12068.6 6471.76
12068.4 6471.46
12068.4 6471.46
326.71 36.1273
701.441 135.155
894.461 131.069
255.197 -139.531
354.699 -118.565
40.0999 -251.95
282.485 -71.9306
482.247 -373.149
924.373 -176.751
142.058 -413.924
947.861 -732.614
789.949 -393.397
-2467.98 620.884
-4210.29 1246.97
-7395.38 1846.33
-9805.24 2099.39
-11657.7 2896.97
-351.591 -1938.07
624.075 -2935.33
-110.414 -4427.62
-766.855 -6228.28
475.885 -9250.83
1926.46 485.705
3445.66 1098.52
5568.16 2175.92
7440.59 3726.97
8550.02 5648.3
11707.9 6477.57
11707.7 6477.27
11707.7 6477.27
374.731 99.0276
567.751 94.9414
-71.5137 -175.659
27.989 -154.693
-286.61 -288.078
-44.2252 -108.058
155.537 -409.276
597.663 -212.878
-184.652 -450.051
621.15 -768.742
463.238 -429.524
-2794.69 584.757
-4537 1210.84
-7722.09 1810.2
-10132 2063.26
-11984.4 2860.84
-678.302 -1974.2
297.365 -2971.46
-437.124 -4463.75
-1093.56 -6264.4
149.175 -9286.96
1599.75 449.578
3118.95 1062.4
5241.45 2139.79
7113.88 3690.85
8223.31 5612.17
11381.1 6441.44
11381 6441.14
11381 6441.14
193.02 -4.08617
-446.245 -274.686
-346.742 -253.72
-661.341 -387.105
-418.956 -207.086
-219.194 -508.304
222.932 -311.905
-559.383 -549.079
246.419 -867.769
88.5074 -528.552
-3169.43 485.729
-4911.73 1111.81
-8096.82 1711.17
-10506.7 1964.23
-12359.1 2761.82
-1053.03 -2073.23
-77.3658 -3070.49
-811.855 -4562.78
-1468.3 -6363.43
-225.556 -9385.98
1225.02 350.551
2744.22 963.368
4866.72 2040.77
6739.15 3591.82
7848.58 5513.14
11006.4 6342.41
11006.3 6342.11
11006.3 6342.11
-639.265 -270.6
-539.762 -249.634
-854.361 -383.019
-611.976 -202.999
-412.214 -504.217
29.9116 -307.819
-752.403 -544.993
53.3993 -863.683
-104.513 -524.465
-3362.45 489.816
-5104.75 1115.9
-8289.84 1715.26
-10699.7 1968.32
-12552.1 2765.9
-1246.05 -2069.14
-270.386 -3066.4
-1004.88 -4558.69
-1661.32 -6359.34
-418.576 -9381.9
1032 354.637
2551.2 967.454
4673.7 2044.85
6546.13 3595.9
7655.56 5517.23
10813.4 6346.5
10813.3 6346.2
10813.3 6346.2
99.5027 20.9662
-215.097 -112.419
27.2885 67.6008
227.051 -233.617
669.176 -37.2191
-113.138 -274.393
692.664 -593.083
534.752 -253.865
-2723.18 760.416
-4465.48 1386.5
-7650.58 1985.86
-10060.4 2238.92
-11912.9 3036.5
-606.788 -1798.54
368.879 -2795.8
-365.61 -4288.09
-1022.05 -6088.74
220.688 -9111.3
1671.27 625.237
3190.46 1238.05
5312.96 2315.45
7185.4 3866.5
8294.82 5787.83
11452.7 6617.1
11452.5 6616.8
11452.5 6616.8
-314.599 -133.385
-72.2142 46.6346
127.548 -254.583
569.674 -58.1853
-212.641 -295.359
593.161 -614.049
435.249 -274.832
-2822.68 739.45
-4564.99 1365.53
-7750.08 1964.89
-10159.9 2217.95
-12012.4 3015.54
-706.291 -1819.51
269.376 -2816.77
-465.113 -4309.06
-1121.55 -6109.71
121.186 -9132.26
1571.76 604.271
3090.96 1217.09
5213.46 2294.49
7085.89 3845.54
8195.32 5766.86
11353.2 6596.13
11353 6595.83
11353 6595.83
242.385 180.02
442.147 -121.198
884.273 75.1997
101.958 -161.974
907.761 -480.664
749.849 -141.446
-2508.08 872.835
-4250.39 1498.92
-7435.48 2098.28
-9845.34 2351.34
-11697.8 3148.92
-391.691 -1686.12
583.975 -2683.38
-150.514 -4175.67
-806.954 -5976.33
435.785 -8998.88
1886.36 737.656
3405.56 1350.47
5528.06 2427.87
7400.49 3978.92
8509.92 5900.25
11667.8 6729.52
11667.6 6729.22
11667.6 6729.22
199.762 -301.218
641.888 -104.82
-140.427 -341.994
665.376 -660.684
507.464 -321.466
-2750.47 692.815
-4492.77 1318.9
-7677.87 1918.26
-10087.7 2171.32
-11940.2 2968.9
-634.076 -1866.14
341.59 -2863.4
-392.899 -4355.69
-1049.34 -6156.35
193.4 -9178.9
1643.98 557.636
3163.17 1170.45
5285.68 2247.85
7158.11 3798.9
8267.53 5720.23
11425.4 6549.5
11425.2 6549.2
11425.2 6549.2
442.126 196.398
-340.189 -40.7755
465.613 -359.466
307.702 -20.2481
-2950.23 994.033
-4692.53 1620.11
-7877.63 2219.48
-10287.5 2472.54
-12139.9 3270.12
-833.838 -1564.92
141.828 -2562.19
-592.661 -4054.47
-1249.1 -5855.13
-6.36214 -8877.68
1444.22 858.854
2963.41 1471.67
5085.91 2549.07
6958.34 4100.12
8067.77 6021.45
11225.6 6850.72
11225.5 6850.42
11225.5 6850.42
-782.314 -237.174
23.4877 -555.864
-134.424 -216.646
-3392.36 797.635
-5134.66 1423.72
-8319.76 2023.08
-10729.6 2276.14
-12582.1 3073.72
-1275.96 -1761.32
-300.298 -2758.58
-1034.79 -4250.87
-1691.23 -6051.53
-448.488 -9074.08
1002.09 662.456
2521.29 1275.27
4643.79 2352.67
6516.22 3903.72
7625.64 5825.05
10783.5 6654.32
10783.3 6654.02
10783.3 6654.02
805.802 -318.69
647.89 20.5273
-2610.04 1034.81
-4352.34 1660.89
-7537.44 2260.25
-9947.3 2513.31
-11799.7 3310.9
-493.65 -1524.15
482.017 -2521.41
-252.472 -4013.7
-908.913 -5814.35
333.827 -8836.91
1784.41 899.63
3303.6 1512.45
5426.1 2589.85
7298.53 4140.9
8407.96 6062.22
11565.8 6891.49
11565.7 6891.19
11565.7 6891.19
-157.912 339.218
-3415.84 1353.5
-5158.15 1979.58
-8343.24 2578.94
-10753.1 2832
-12605.5 3629.59
-1299.45 -1205.46
-323.785 -2202.72
-1058.27 -3695.01
-1714.72 -5495.66
-471.976 -8518.22
978.603 1218.32
2497.8 1831.14
4620.3 2908.54
6492.73 4459.59
7602.16 6380.91
10760 7210.18
10759.9 7209.88
10759.9 7209.88
-3257.93 1014.28
-5000.24 1640.36
-8185.33 2239.73
-10595.2 2492.78
-12447.6 3290.37
-1141.54 -1544.67
-165.873 -2541.94
-900.362 -4034.23
-1556.8 -5834.88
-314.064 -8857.43
1136.52 879.102
2655.71 1491.92
4778.21 2569.32
6650.64 4120.37
7760.07 6041.7
10917.9 6870.96
10917.8 6870.67
10917.8 6870.67
-1742.3 626.081
-4927.4 1225.45
-7337.26 1478.5
-9189.7 2276.09
2116.39 -2558.96
3092.06 -3556.22
2357.57 -5048.51
1701.13 -6849.16
2943.87 -9871.71
4394.45 -135.179
5913.64 477.638
8036.15 1555.04
9908.58 3106.09
11018 5027.41
14175.8 5856.68
14175.7 5856.38
14175.7 5856.38
-3185.1 599.364
-5594.95 852.422
-7447.4 1650.01
3858.7 -3185.04
4834.36 -4182.3
4099.87 -5674.59
3443.43 -7475.24
4686.17 -10497.8
6136.75 -761.26
7655.95 -148.443
9778.45 928.957
11650.9 2480.01
12760.3 4401.33
15918.1 5230.6
15918 5230.3
15918 5230.3
-2409.86 253.058
-4262.3 1050.64
7043.79 -3784.4
8019.46 -4781.66
7284.97 -6273.95
6628.53 -8074.61
7871.27 -11097.2
9321.85 -1360.62
10841 -747.807
12963.5 329.593
14836 1880.64
15945.4 3801.97
19103.2 4631.24
19103.1 4630.94
19103.1 4630.94
-1852.45 797.584
9453.65 -4037.46
10429.3 -5034.72
9694.83 -6527.01
9038.39 -8327.66
10281.1 -11350.2
11731.7 -1613.68
13250.9 -1000.86
15373.4 76.5347
17245.8 1627.59
18355.3 3548.91
21513.1 4378.18
21513 4377.88
21513 4377.88
11306.1 -4835.04
12281.8 -5832.31
11547.3 -7324.59
10890.8 -9125.25
12133.6 -12147.8
13584.1 -2411.27
15103.3 -1798.45
17225.8 -721.05
19098.3 830.001
20207.7 2751.33
23365.5 3580.6
23365.4 3580.3
23365.4 3580.3
975.667 -997.262
241.178 -2489.55
-415.263 -4290.2
827.476 -7312.76
2278.06 2423.78
3797.25 3036.59
5919.75 4113.99
7792.18 5665.04
8901.61 7586.37
12059.4 8415.64
12059.3 8415.34
12059.3 8415.34
-734.489 -1492.29
-1390.93 -3292.94
-148.19 -6315.5
1302.39 3421.04
2821.58 4033.86
4944.09 5111.26
6816.52 6662.31
7925.94 8583.63
11083.8 9412.9
11083.6 9412.6
11083.6 9412.6
-656.441 -1800.65
586.299 -4823.21
2036.88 4913.33
3556.07 5526.15
5678.57 6603.55
7551.01 8154.6
8660.43 10075.9
11818.3 10905.2
11818.1 10904.9
11818.1 10904.9
1242.74 -3022.55
2693.32 6713.98
4212.51 7326.8
6335.02 8404.2
8207.45 9955.25
9316.87 11876.6
12474.7 12705.8
12474.6 12705.5
12474.6 12705.5
1450.58 9736.54
2969.78 10349.4
5092.28 11426.8
6964.71 12977.8
8074.13 14899.1
11232 15728.4
11231.8 15728.1
11231.8 15728.1
1519.2 612.817
3641.7 1690.22
5514.13 3241.27
6623.55 5162.59
9781.39 5991.86
9781.25 5991.56
9781.25 5991.56
2122.5 1077.4
3994.93 2628.45
5104.36 4549.78
8262.19 5379.04
8262.05 5378.75
8262.05 5378.75
1872.43 1551.05
2981.86 3472.38
6139.69 4301.65
6139.55 4301.35
6139.55 4301.35
1109.43 1921.33
4267.26 2750.59
4267.12 2750.3
4267.12 2750.3
3157.84 829.268
3157.69 828.969
3157.69 828.969
-0.141609 -0.298725
-0.141609 -0.298725
-0 0
