217.241 227.617 -17.2895
354.289 417.497 25.5853
415.962 604.69 161.673
528.937 723.878 153.094
565.535 441.41 -220.709
593.84 495.923 -193.973
606.238 353.21 -375.634
484.028 432.013 -125.885
1037.87 677.56 -558.503
1006.15 873.718 -289.945
903.189 483.306 -609.137
1836.42 1116.4 -1083.15
1249.95 880.744 -596.949
-2174.93 -1601.34 952.533
-4158.14 -2981.42 1913.09
-6897.33 -5226.13 2854.2
-8658.01 -6831.18 3272.83
-10894.4 -8310.41 4453.23
2868.86 807.945 -2775.41
4928.58 1845.43 -4234.99
6728.23 2019.5 -6358.67
9036.81 2375.64 -8928.71
14276.1 4442.31 -13304.6
616.972 1230.44 627.752
592.243 1925.51 1465.12
218.864 2797.02 2956.55
-1000.61 3314.57 5132.03
-3263.3 3166.9 7879.92
-2693.13 4773.85 9000.47
-2693.72 4773.28 9000.47
-2693.72 4773.28 9000.47
137.047 189.88 42.8748
198.721 377.073 178.962
311.695 496.261 170.384
348.294 213.793 -203.419
376.598 268.306 -176.683
388.997 125.593 -358.344
266.786 204.396 -108.596
820.624 449.943 -541.214
788.909 646.101 -272.656
685.948 255.689 -591.847
1619.17 888.779 -1065.86
1032.71 653.127 -579.66
-2392.17 -1828.96 969.823
-4375.38 -3209.03 1930.37
-7114.57 -5453.74 2871.49
-8875.25 -7058.8 3290.12
-11111.7 -8538.03 4470.52
2651.62 580.328 -2758.12
4711.34 1617.81 -4217.7
6510.99 1791.88 -6341.38
8819.57 2148.02 -8911.42
14058.9 4214.69 -13287.3
399.731 1002.83 645.041
375.002 1697.89 1482.41
1.62251 2569.4 2973.84
-1217.85 3086.96 5149.32
-3480.54 2939.28 7897.21
-2910.37 4546.23 9017.76
-2910.96 4545.66 9017.76
-2910.96 4545.66 9017.76
61.6739 187.193 136.087
174.648 306.381 127.509
211.247 23.9135 -246.294
239.551 78.4258 -219.558
251.949 -64.2868 -401.219
129.739 14.5164 -151.471
683.577 260.063 -584.089
651.862 456.221 -315.531
548.9 65.809 -634.722
1482.13 698.9 -1108.74
895.658 463.248 -622.534
-2529.21 -2018.84 926.948
-4512.43 -3398.91 1887.5
-7251.62 -5643.62 2828.61
-9012.29 -7248.68 3247.25
-11248.7 -8727.91 4427.64
2514.57 390.448 -2800.99
4574.29 1427.93 -4260.58
6373.94 1602 -6384.25
8682.52 1958.14 -8954.29
13921.8 4024.81 -13330.2
262.684 812.946 602.166
237.954 1508.01 1439.54
-135.425 2379.52 2930.96
-1354.9 2897.08 5106.44
-3617.58 2749.4 7854.34
-3047.42 4356.35 8974.89
-3048 4355.78 8974.88
-3048 4355.78 8974.88
112.974 119.188 -8.57833
149.573 -163.279 -382.382
177.877 -108.767 -355.645
190.275 -251.48 -537.306
68.0652 -172.677 -287.558
621.903 72.8697 -720.176
590.188 269.028 -451.618
487.226 -121.384 -770.81
1420.45 511.707 -1244.83
833.984 276.055 -758.622
-2590.89 -2206.03 790.861
-4574.1 -3586.1 1751.41
-7313.29 -5830.82 2692.52
-9073.97 -7435.87 3111.16
-11310.4 -8915.1 4291.55
2452.89 203.255 -2937.08
4512.62 1240.74 -4396.66
6312.27 1414.81 -6520.34
8620.85 1770.95 -9090.38
13860.2 3837.62 -13466.3
201.01 625.753 466.079
176.281 1320.82 1303.45
-197.099 2192.33 2794.87
-1416.57 2709.88 4970.36
-3679.26 2562.21 7718.25
-3109.09 4169.16 8838.8
-3109.68 4168.59 8838.79
-3109.68 4168.59 8838.79
36.5986 -282.468 -373.803
64.903 -227.955 -347.067
77.3014 -370.668 -528.728
-44.9089 -291.865 -278.98
508.929 -46.3184 -711.598
477.214 149.84 -443.04
374.252 -240.572 -762.231
1307.48 392.518 -1236.25
721.01 156.866 -750.043
-2703.86 -2325.22 799.439
-4687.07 -3705.29 1759.99
-7426.27 -5950 2701.1
-9186.94 -7555.06 3119.74
-11423.4 -9034.29 4300.13
2339.92 84.067 -2928.5
4399.64 1121.55 -4388.09
6199.29 1295.62 -6511.76
8507.87 1651.76 -9081.8
13747.2 3718.43 -13457.7
88.0355 506.565 474.657
63.3064 1201.63 1312.03
-310.073 2073.14 2803.45
-1529.55 2590.7 4978.93
-3792.23 2443.02 7726.83
-3222.06 4049.97 8847.38
-3222.65 4049.4 8847.37
-3222.65 4049.4 8847.37
28.3045 54.5123 26.7361
40.7028 -88.2003 -154.925
-81.5075 -9.39708 94.8236
472.331 236.149 -337.794
440.615 432.307 -69.2365
337.654 41.8955 -388.428
1270.88 674.986 -862.444
684.411 439.334 -376.24
-2740.46 -2042.75 1173.24
-4723.67 -3422.83 2133.79
-7462.87 -5667.54 3074.9
-9223.54 -7272.59 3493.54
-11460 -8751.82 4673.94
2303.32 366.535 -2554.7
4363.04 1404.02 -4014.28
6162.7 1578.09 -6137.96
8471.27 1934.23 -8708
13710.6 4000.9 -13083.9
51.437 789.033 848.461
26.7079 1484.1 1685.83
-346.671 2355.61 3177.25
-1566.14 2873.16 5352.74
-3828.83 2725.49 8100.63
-3258.66 4332.44 9221.18
-3259.25 4331.87 9221.18
-3259.25 4331.87 9221.18
12.3984 -142.713 -181.661
-109.812 -63.9094 68.0875
444.026 181.637 -364.531
412.311 377.795 -95.9726
309.349 -12.6168 -415.164
1242.58 620.474 -889.18
656.107 384.822 -402.976
-2768.77 -2097.27 1146.51
-4751.98 -3477.34 2107.06
-7491.17 -5722.05 3048.17
-9251.84 -7327.1 3466.81
-11488.3 -8806.34 4647.2
2275.02 312.022 -2581.43
4334.74 1349.51 -4041.02
6134.39 1523.57 -6164.7
8442.97 1879.72 -8734.73
13682.3 3946.39 -13110.7
23.1325 734.521 821.724
-1.59658 1429.58 1659.1
-374.976 2301.1 3150.52
-1594.45 2818.65 5326
-3857.14 2670.98 8073.89
-3286.97 4277.93 9194.45
-3287.56 4277.36 9194.44
-3287.56 4277.36 9194.44
-122.21 78.8032 249.748
431.628 324.349 -182.87
399.912 520.508 85.6882
296.951 130.096 -233.503
1230.18 763.186 -707.52
643.708 527.534 -221.316
-2781.16 -1954.55 1328.17
-4764.38 -3334.63 2288.72
-7503.57 -5579.34 3229.83
-9264.24 -7184.39 3648.47
-11500.7 -8663.62 4828.86
2262.62 454.735 -2399.77
4322.34 1492.22 -3859.36
6121.99 1666.29 -5983.03
8430.57 2022.43 -8553.07
13669.9 4089.1 -12929
10.7342 877.233 1003.39
-13.9949 1572.3 1840.76
-387.374 2443.81 3332.18
-1606.85 2961.36 5507.66
-3869.53 2813.69 8255.55
-3299.37 4420.64 9376.11
-3299.95 4420.07 9376.1
-3299.95 4420.07 9376.1
553.838 245.546 -432.618
522.123 441.704 -164.06
419.161 51.2925 -483.252
1352.39 684.383 -957.268
765.919 448.731 -471.064
-2658.95 -2033.36 1078.42
-4642.17 -3413.43 2038.97
-7381.36 -5658.14 2980.08
-9142.03 -7263.19 3398.72
-11378.4 -8742.43 4579.11
2384.83 375.932 -2649.52
4444.55 1413.42 -4109.11
6244.2 1587.48 -6232.78
8552.78 1943.62 -8802.82
13792.1 4010.3 -13178.7
132.944 798.43 753.637
108.215 1493.49 1591.01
-265.164 2365.01 3082.43
-1484.64 2882.56 5257.91
-3747.32 2734.89 8005.81
-3177.16 4341.84 9126.36
-3177.74 4341.27 9126.35
-3177.74 4341.27 9126.35
-31.7154 196.158 268.558
-134.677 -194.254 -50.6335
798.55 438.837 -524.65
212.081 203.185 -38.4458
-3212.79 -2278.9 1511.04
-5196 -3658.97 2471.59
-7935.2 -5903.69 3412.7
-9695.87 -7508.74 3831.34
-11932.3 -8987.97 5011.73
1830.99 130.385 -2216.9
3890.71 1167.87 -3676.49
5690.37 1341.94 -5800.16
7998.94 1698.08 -8370.2
13238.3 3764.75 -12746.1
-420.894 552.884 1186.26
-445.623 1247.95 2023.63
-819.002 2119.46 3515.05
-2038.47 2637.01 5690.53
-4301.16 2489.34 8438.42
-3730.99 4096.29 9558.98
-3731.58 4095.72 9558.97
-3731.58 4095.72 9558.97
-102.961 -390.412 -319.192
830.266 242.679 -793.208
243.796 7.02663 -307.004
-3181.08 -2475.06 1242.48
-5164.29 -3855.13 2203.03
-7903.48 -6099.84 3144.14
-9664.16 -7704.9 3562.78
-11900.6 -9184.13 4743.17
1862.71 -65.7728 -2485.46
3922.43 971.712 -3945.05
5722.08 1145.78 -6068.72
8030.66 1501.92 -8638.76
13270 3568.59 -13014.7
-389.178 356.725 917.697
-413.907 1051.79 1755.07
-787.287 1923.3 3246.49
-2006.76 2440.86 5421.97
-4269.45 2293.18 8169.87
-3699.28 3900.13 9290.42
-3699.87 3899.56 9290.41
-3699.87 3899.56 9290.41
933.227 633.091 -474.016
346.758 397.439 12.1878
-3078.11 -2084.65 1561.67
-5061.33 -3464.72 2522.22
-7800.52 -5709.43 3463.33
-9561.19 -7314.48 3881.97
-11797.6 -8793.72 5062.36
1965.67 324.639 -2166.27
4025.39 1362.12 -3625.86
5825.04 1536.19 -5749.53
8133.62 1892.33 -8319.57
13372.9 3959 -12695.5
-286.217 747.137 1236.89
-310.946 1442.2 2074.26
-684.325 2313.72 3565.68
-1903.8 2831.27 5741.17
-4166.48 2683.59 8489.06
-3596.32 4290.54 9609.61
-3596.9 4289.97 9609.6
-3596.9 4289.97 9609.6
-586.469 -235.652 486.204
-4011.34 -2717.74 2035.69
-5994.55 -4097.81 2996.24
-8733.75 -6342.52 3937.35
-10494.4 -7947.57 4355.99
-12730.8 -9426.81 5536.38
1032.44 -308.451 -1692.25
3092.16 729.034 -3151.84
4891.81 903.1 -5275.51
7200.39 1259.24 -7845.55
12439.7 3325.91 -12221.5
-1219.44 114.047 1710.9
-1244.17 809.111 2548.28
-1617.55 1680.63 4039.7
-2837.03 2198.18 6215.18
-5099.71 2050.5 8963.07
-4529.54 3657.45 10083.6
-4530.13 3656.88 10083.6
-4530.13 3656.88 10083.6
-3424.87 -2482.09 1549.48
-5408.08 -3862.16 2510.03
-8147.28 -6106.87 3451.14
-9907.95 -7711.92 3869.78
-12144.4 -9191.16 5050.18
1618.91 -72.7994 -2178.46
3678.63 964.686 -3638.04
5478.28 1138.75 -5761.72
7786.86 1494.89 -8331.76
13026.2 3561.57 -12707.7
-632.974 349.699 1224.7
-657.703 1044.76 2062.07
-1031.08 1916.28 3553.5
-2250.56 2433.83 5728.98
-4513.24 2286.16 8476.87
-3943.07 3893.11 9597.42
-3943.66 3892.54 9597.42
-3943.66 3892.54 9597.42
-1983.21 -1380.07 960.552
-4722.41 -3624.78 1901.66
-6483.08 -5229.83 2320.3
-8719.49 -6709.07 3500.69
5043.78 2409.29 -3727.94
7103.5 3446.77 -5187.53
8903.16 3620.84 -7311.2
11211.7 3976.98 -9881.24
16451.1 6043.65 -14257.2
2791.9 2831.79 -324.782
2767.17 3526.85 512.59
2393.79 4398.37 2004.01
1174.32 4915.92 4179.5
-1088.37 4768.24 6927.39
-518.202 6375.19 8047.94
-518.79 6374.62 8047.93
-518.79 6374.62 8047.93
-2739.19 -2244.71 941.11
-4499.87 -3849.76 1359.75
-6736.28 -5329 2540.14
7026.99 3789.36 -4688.49
9086.72 4826.85 -6148.08
10886.4 5000.91 -8271.75
13194.9 5357.05 -10841.8
18434.3 7423.73 -15217.7
4775.11 4211.86 -1285.33
4750.38 4906.92 -447.962
4377 5778.44 1043.46
3157.53 6295.99 3218.94
894.842 6148.32 5966.84
1465.01 7755.27 7087.39
1464.42 7754.7 7087.38
1464.42 7754.7 7087.38
-1760.67 -1605.05 418.637
-3997.09 -3084.29 1599.03
9766.19 6034.07 -5629.6
11825.9 7071.56 -7089.19
13625.6 7245.62 -9212.86
15934.1 7601.76 -11782.9
21173.5 9668.44 -16158.8
7514.3 6456.57 -2226.44
7489.57 7151.63 -1389.07
7116.19 8023.15 102.35
5896.72 8540.7 2277.83
3634.04 8393.03 5025.73
4204.2 9999.98 6146.28
4203.62 9999.41 6146.27
4203.62 9999.41 6146.27
-2236.41 -1479.23 1180.39
11526.9 7639.12 -6048.24
13586.6 8676.61 -7507.82
15386.2 8850.67 -9631.5
17694.8 9206.82 -12201.5
22934.1 11273.5 -16577.5
9274.98 8061.62 -2645.08
9250.25 8756.69 -1807.71
8876.87 9628.2 -316.287
7657.4 10145.8 1859.2
5394.71 9998.08 4607.09
5964.88 11605 5727.64
5964.29 11604.5 5727.63
5964.29 11604.5 5727.63
13763.3 9118.36 -7228.64
15823 10155.8 -8688.22
17622.6 10329.9 -10811.9
19931.2 10686.1 -13381.9
25170.6 12752.7 -17757.9
11511.4 9540.86 -3825.48
11486.7 10235.9 -2988.1
11113.3 11107.4 -1496.68
9893.81 11625 678.802
7631.12 11477.3 3426.69
8201.29 13084.3 4547.25
8200.7 13083.7 4547.24
8200.7 13083.7 4547.24
2059.72 1037.48 -1459.58
3859.37 1211.55 -3583.26
6167.95 1567.69 -6153.3
11407.3 3634.37 -10529.2
-2251.88 422.498 3403.16
-2276.61 1117.56 4240.53
-2649.99 1989.08 5731.95
-3869.47 2506.63 7907.44
-6132.15 2358.96 10655.3
-5561.98 3965.91 11775.9
-5562.57 3965.34 11775.9
-5562.57 3965.34 11775.9
1799.65 174.066 -2123.68
4108.23 530.208 -4693.71
9347.56 2596.88 -9069.64
-4311.61 -614.987 4862.74
-4336.34 80.0776 5700.12
-4709.71 951.592 7191.54
-5929.19 1469.14 9367.02
-8191.87 1321.47 12114.9
-7621.71 2928.42 13235.5
-7622.29 2927.85 13235.5
-7622.29 2927.85 13235.5
2308.58 356.142 -2570.04
7547.9 2422.81 -6945.97
-6111.26 -789.053 6986.42
-6135.99 -93.9885 7823.79
-6509.37 777.525 9315.21
-7728.84 1295.08 11490.7
-9991.53 1147.4 14238.6
-9421.36 2754.35 15359.1
-9421.95 2753.78 15359.1
-9421.95 2753.78 15359.1
5239.33 2066.67 -4375.93
-8419.84 -1145.19 9556.46
-8444.56 -450.13 10393.8
-8817.94 421.384 11885.3
-10037.4 938.936 14060.7
-12300.1 791.263 16808.6
-11729.9 2398.21 17929.2
-11730.5 2397.64 17929.2
-11730.5 2397.64 17929.2
-13659.2 -3211.87 13932.4
-13683.9 -2516.8 14769.8
-14057.3 -1645.29 16261.2
-15276.7 -1127.74 18436.7
-17539.4 -1275.41 21184.6
-16969.3 331.54 22305.1
-16969.8 330.971 22305.1
-16969.8 330.971 22305.1
-24.7291 695.064 837.372
-398.108 1566.58 2328.79
-1617.58 2084.13 4504.28
-3880.27 1936.46 7252.17
-3310.1 3543.41 8372.72
-3310.69 3542.84 8372.72
-3310.69 3542.84 8372.72
-373.379 871.514 1491.42
-1592.85 1389.07 3666.91
-3855.54 1241.39 6414.8
-3285.37 2848.34 7535.35
-3285.96 2847.77 7535.34
-3285.96 2847.77 7535.34
-1219.47 517.552 2175.48
-3482.16 369.879 4923.37
-2911.99 1976.83 6043.93
-2912.58 1976.26 6043.92
-2912.58 1976.26 6043.92
-2262.69 -147.673 2747.89
-1692.52 1459.28 3868.45
-1693.11 1458.71 3868.44
-1693.11 1458.71 3868.44
570.168 1606.95 1120.55
569.58 1606.38 1120.55
569.58 1606.38 1120.55
-0.58732 -0.569633 -0.00756354
-0.58732 -0.569633 -0.00756354
0 0 0
